6 1 30 75 12
9 -1 -1 1 0 0 1 1 1 -1 2 2 -1 3 3 -1 4 4 -1 5 8 1 6 12 1 7 16 1
10 -1 -1 1 0 9 2 2 2 -1 5 5 -1 5 20 1 6 21 1 7 22 1 9 9 -1 13 13 -1 17 17 -1
10 -1 -1 1 0 9 2 2 2 -1 8 8 -1 8 20 1 9 9 -1 10 10 -1 11 11 -1 12 21 1 16 22 1
10 -1 -1 1 0 14 2 3 3 -1 5 23 1 6 6 -1 6 26 1 7 27 1 10 10 -1 14 14 -1 18 18 -1
10 -1 -1 1 0 14 2 3 3 -1 8 23 1 12 12 -1 12 26 1 13 13 -1 14 14 -1 15 15 -1 16 27 1
10 -1 -1 1 0 19 2 4 4 -1 5 25 1 6 28 1 7 7 -1 7 29 1 11 11 -1 15 15 -1 19 19 -1
10 -1 -1 1 0 19 2 4 4 -1 8 25 1 12 28 1 16 16 -1 16 29 1 17 17 -1 18 18 -1 19 19 -1
10 -1 -1 1 9 14 2 10 10 -1 13 13 -1 20 23 1 21 21 -1 21 26 1 22 27 1 23 23 -1 24 24 -1
10 -1 -1 1 9 19 2 11 11 -1 17 17 -1 20 25 1 21 28 1 22 22 -1 22 29 1 24 24 -1 25 25 -1
10 -1 -1 1 14 19 2 15 15 -1 18 18 -1 23 25 1 24 24 -1 26 28 1 27 27 -1 27 29 1 28 28 -1
8 0 2 1 1 2 -1 2 9 -1 3 10 -1 4 11 -1 8 9 1 10 12 1 11 16 1
8 0 2 1 1 2 -1 2 9 -1 3 13 -1 4 17 -1 5 9 1 6 13 1 7 17 1
8 0 3 1 1 3 -1 2 10 -1 3 14 -1 4 18 -1 5 10 1 6 14 1 7 18 1
8 0 3 1 1 3 -1 2 13 -1 3 14 -1 4 15 -1 8 13 1 12 14 1 15 16 1
8 0 4 1 1 4 -1 2 11 -1 3 15 -1 4 19 -1 5 11 1 6 15 1 7 19 1
8 0 4 1 1 4 -1 2 17 -1 3 18 -1 4 19 -1 8 17 1 12 18 1 16 19 1
8 0 5 1 0 8 -1 5 9 -1 6 10 -1 7 11 -1 8 9 1 12 13 1 16 17 1
8 0 6 1 0 12 -1 5 13 -1 6 14 -1 7 15 -1 8 10 1 12 14 1 16 18 1
8 0 7 1 0 16 -1 5 17 -1 6 18 -1 7 19 -1 8 11 1 12 15 1 16 19 1
10 0 9 1 1 9 1 2 5 -1 2 8 -1 2 20 1 3 21 1 4 22 1 9 9 -1 10 13 -1 11 17 -1
10 0 10 1 0 13 1 2 3 -1 5 6 -1 5 21 1 6 23 1 7 24 1 9 10 -1 13 14 -1 17 18 -1
10 0 10 1 0 13 1 2 3 -1 8 12 -1 8 21 1 9 13 -1 10 14 -1 11 15 -1 12 23 1 16 24 1
10 0 10 1 1 13 1 2 6 -1 2 21 1 3 8 -1 3 23 1 4 24 1 9 10 -1 10 14 -1 11 18 -1
10 0 11 1 0 17 1 2 4 -1 5 7 -1 5 22 1 6 24 1 7 25 1 9 11 -1 13 15 -1 17 19 -1
10 0 11 1 0 17 1 2 4 -1 8 16 -1 8 22 1 9 17 -1 10 18 -1 11 19 -1 12 24 1 16 25 1
10 0 11 1 1 17 1 2 7 -1 2 22 1 3 24 1 4 8 -1 4 25 1 9 11 -1 10 15 -1 11 19 -1
10 0 13 1 1 10 1 2 12 -1 2 21 1 3 5 -1 3 23 1 4 24 1 9 13 -1 13 14 -1 15 17 -1
10 0 14 1 1 14 1 2 23 1 3 6 -1 3 12 -1 3 26 1 4 27 1 10 13 -1 14 14 -1 15 18 -1
10 0 15 1 0 18 1 3 4 -1 5 24 1 6 7 -1 6 27 1 7 28 1 10 11 -1 14 15 -1 18 19 -1
10 0 15 1 0 18 1 3 4 -1 8 24 1 12 16 -1 12 27 1 13 17 -1 14 18 -1 15 19 -1 16 28 1
10 0 15 1 1 18 1 2 24 1 3 7 -1 3 27 1 4 12 -1 4 28 1 11 13 -1 14 15 -1 15 19 -1
10 0 17 1 1 11 1 2 16 -1 2 22 1 3 24 1 4 5 -1 4 25 1 9 17 -1 13 18 -1 17 19 -1
10 0 18 1 1 15 1 2 24 1 3 16 -1 3 27 1 4 6 -1 4 28 1 10 17 -1 14 18 -1 18 19 -1
10 0 19 1 1 19 1 2 25 1 3 28 1 4 7 -1 4 16 -1 4 29 1 11 17 -1 15 18 -1 19 19 -1
6 1 5 1 1 8 -1 3 10 -1 3 13 1 4 11 -1 4 17 1
6 1 6 1 1 12 -1 2 10 1 2 13 -1 4 15 -1 4 18 1
6 1 7 1 1 16 -1 2 11 1 2 17 -1 3 15 1 3 18 -1
6 2 5 1 2 8 -1 3 6 1 3 12 -1 4 7 1 4 16 -1
6 2 5 2 2 8 -2 10 10 -1 11 11 -1 13 13 1 17 17 1
10 2 6 1 2 12 -1 3 5 1 3 8 -1 9 10 1 9 13 -1 10 14 -1 11 15 -1 13 14 1 17 18 1
10 2 7 1 2 16 -1 4 5 1 4 8 -1 9 11 1 9 17 -1 10 18 -1 11 19 -1 13 15 1 17 19 1
8 2 10 1 2 13 -1 5 10 -1 8 13 1 10 23 1 11 24 1 13 23 -1 17 24 -1
10 2 10 1 3 9 -1 5 13 1 9 12 -1 9 21 1 13 20 -1 13 23 1 14 21 -1 15 22 -1 17 24 1
8 2 11 1 2 17 -1 5 11 -1 8 17 1 10 24 1 11 25 1 13 24 -1 17 25 -1
10 2 11 1 4 9 -1 5 17 1 9 16 -1 9 22 1 13 24 1 17 20 -1 17 25 1 18 21 -1 19 22 -1
10 2 13 1 3 9 -1 6 9 -1 8 10 1 9 21 1 10 20 -1 10 23 1 11 24 1 14 21 -1 18 22 -1
10 2 14 1 3 10 -1 5 14 1 9 23 1 12 13 -1 13 21 -1 13 26 1 14 23 -1 15 24 -1 17 27 1
10 2 14 1 3 13 -1 6 10 -1 8 14 1 9 23 1 10 21 -1 10 26 1 11 27 1 14 23 -1 18 24 -1
10 2 15 1 3 17 -1 6 11 -1 8 18 1 9 24 1 10 22 -1 10 27 1 11 28 1 14 24 -1 18 25 -1
10 2 15 1 4 10 -1 5 18 1 9 24 1 13 16 -1 13 27 1 17 21 -1 17 28 1 18 23 -1 19 24 -1
10 2 17 1 4 9 -1 7 9 -1 8 11 1 9 22 1 10 24 1 11 20 -1 11 25 1 15 21 -1 19 22 -1
10 2 18 1 3 11 -1 5 15 1 9 24 1 12 17 -1 13 22 -1 13 27 1 14 24 -1 15 25 -1 17 28 1
10 2 18 1 4 13 -1 7 10 -1 8 15 1 9 24 1 10 27 1 11 21 -1 11 28 1 15 23 -1 19 24 -1
10 2 19 1 4 11 -1 5 19 1 9 25 1 13 28 1 16 17 -1 17 22 -1 17 29 1 18 24 -1 19 25 -1
10 2 19 1 4 17 -1 7 11 -1 8 19 1 9 25 1 10 28 1 11 22 -1 11 29 1 15 24 -1 19 25 -1
6 3 6 2 3 12 -2 10 10 1 13 13 -1 15 15 -1 18 18 1
10 3 7 1 3 16 -1 4 6 1 4 12 -1 10 11 1 13 17 -1 14 15 1 14 18 -1 15 19 -1 18 19 1
8 3 10 1 3 13 -1 6 13 1 10 12 -1 10 21 1 13 21 -1 15 24 -1 18 24 1
10 3 11 1 4 13 -1 6 17 1 10 16 -1 10 22 1 14 24 1 17 21 -1 18 23 -1 18 25 1 19 24 -1
8 3 15 1 3 18 -1 6 15 -1 10 24 -1 12 18 1 13 24 1 15 28 1 18 28 -1
10 3 15 1 4 14 -1 6 18 1 10 24 1 14 16 -1 14 27 1 17 23 -1 18 26 -1 18 28 1 19 27 -1
10 3 17 1 4 10 -1 7 13 -1 11 12 1 11 21 -1 13 22 1 14 24 1 15 23 -1 15 25 1 19 24 -1
10 3 18 1 4 14 -1 7 14 -1 11 23 -1 12 15 1 13 24 1 14 27 1 15 26 -1 15 28 1 19 27 -1
10 3 19 1 4 15 -1 6 19 1 10 25 1 14 28 1 16 18 -1 17 24 -1 18 27 -1 18 29 1 19 28 -1
10 3 19 1 4 18 -1 7 15 -1 11 24 -1 12 19 1 13 25 1 14 28 1 15 27 -1 15 29 1 19 28 -1
6 4 7 2 4 16 -2 11 11 1 15 15 1 17 17 -1 18 18 -1
8 4 11 1 4 17 -1 7 17 1 11 16 -1 11 22 1 15 24 1 17 22 -1 18 24 -1
8 4 15 1 4 18 -1 7 18 1 11 24 1 15 16 -1 15 27 1 17 24 -1 18 27 -1
6 5 5 1 6 6 1 7 7 1 8 8 -1 12 12 -1 16 16 -1
6 5 9 1 8 9 -1 10 21 -1 11 22 -1 13 21 1 17 22 1
6 6 14 1 10 23 1 12 14 -1 13 23 -1 15 27 -1 18 27 1
6 7 19 1 11 25 1 15 28 1 16 19 -1 17 25 -1 18 28 -1
10 9 15 1 9 18 1 10 11 -1 13 17 -1 20 24 1 21 22 -1 21 27 1 22 28 1 23 24 -1 24 25 -1
10 10 18 1 11 14 -1 13 15 1 14 17 -1 21 24 1 22 23 -1 23 27 1 24 26 -1 24 28 1 25 27 -1
10 10 19 1 11 15 -1 13 19 1 17 18 -1 21 25 1 22 24 -1 23 28 1 24 27 -1 24 29 1 25 28 -1
0 1 2 3 4 5 6 7 8 9 10 11 12 13 14 15 16 17 18 19 20 21 22 23 24 25 26 27 28 29
0 1 2 4 3 5 7 6 8 9 11 10 16 17 19 18 12 13 15 14 20 22 21 25 24 23 29 28 27 26
0 1 3 2 4 6 5 7 12 14 13 15 8 10 9 11 16 18 17 19 26 23 27 21 24 28 20 22 25 29
0 1 3 4 2 6 7 5 12 14 15 13 16 18 19 17 8 10 11 9 26 27 23 28 24 21 29 25 22 20
0 1 4 2 3 7 5 6 16 19 17 18 8 11 9 10 12 15 13 14 29 25 28 22 24 27 20 21 23 26
0 1 4 3 2 7 6 5 16 19 18 17 12 15 14 13 8 11 10 9 29 28 25 27 24 22 26 23 21 20
0 1 2 3 4 8 12 16 5 9 13 17 6 10 14 18 7 11 15 19 20 21 22 23 24 25 26 27 28 29
0 1 2 4 3 8 16 12 5 9 17 13 7 11 19 15 6 10 18 14 20 22 21 25 24 23 29 28 27 26
0 1 3 2 4 12 8 16 6 14 10 18 5 13 9 17 7 15 11 19 26 23 27 21 24 28 20 22 25 29
0 1 3 4 2 12 16 8 6 14 18 10 7 15 19 11 5 13 17 9 26 27 23 28 24 21 29 25 22 20
0 1 4 2 3 16 8 12 7 19 11 15 5 17 9 13 6 18 10 14 29 25 28 22 24 27 20 21 23 26
0 1 4 3 2 16 12 8 7 19 15 11 6 18 14 10 5 17 13 9 29 28 25 27 24 22 26 23 21 20
