8 3 63 315 48
11 -1 -1 1 0 0 1 1 1 -1 2 2 -1 3 3 -1 4 4 -1 5 5 -1 6 6 -1 7 10 2 8 21 2 9 32 1
12 -1 -1 1 0 11 2 2 2 -1 7 7 -1 7 38 2 8 43 2 9 44 1 11 11 -1 16 16 -1 22 22 -1 27 27 -1 33 33 -1
12 -1 -1 1 0 11 2 3 3 -1 10 10 -1 10 38 2 11 11 -1 12 12 -1 13 13 -1 14 14 -1 15 15 -1 21 43 2 32 44 1
12 -1 -1 1 0 17 2 2 2 -1 10 10 -1 10 38 2 16 16 -1 17 17 -1 18 18 -1 19 19 -1 20 20 -1 21 45 2 32 52 1
12 -1 -1 1 0 17 2 3 3 -1 7 7 -1 7 38 2 8 45 2 9 52 1 12 12 -1 17 17 -1 23 23 -1 28 28 -1 34 34 -1
12 -1 -1 1 0 24 2 4 4 -1 7 46 2 8 8 -1 8 56 2 9 59 1 13 13 -1 18 18 -1 24 24 -1 29 29 -1 35 35 -1
12 -1 -1 1 0 24 2 5 5 -1 10 46 2 21 21 -1 21 56 2 22 22 -1 23 23 -1 24 24 -1 25 25 -1 26 26 -1 32 59 1
12 -1 -1 1 0 30 2 4 4 -1 10 50 2 21 21 -1 21 56 2 27 27 -1 28 28 -1 29 29 -1 30 30 -1 31 31 -1 32 60 1
12 -1 -1 1 0 30 2 5 5 -1 7 50 2 8 8 -1 8 56 2 9 60 1 14 14 -1 19 19 -1 25 25 -1 30 30 -1 36 36 -1
12 -1 -1 1 0 37 2 6 6 -1 7 55 2 8 61 2 9 9 -1 9 62 1 15 15 -1 20 20 -1 26 26 -1 31 31 -1 37 37 -1
12 -1 -1 1 0 37 2 6 6 -1 10 55 2 21 61 2 32 32 -1 32 62 1 33 33 -1 34 34 -1 35 35 -1 36 36 -1 37 37 -1
11 -1 -1 1 11 17 2 12 12 -1 16 16 -1 38 38 1 39 39 -1 40 40 -1 41 41 -1 42 42 -1 43 45 2 44 52 1
12 -1 -1 1 11 24 2 19 19 -1 28 28 -1 38 46 2 40 40 -1 43 43 -1 43 56 2 44 59 1 46 46 -1 49 49 -1 53 53 -1
12 -1 -1 1 11 30 2 18 18 -1 23 23 -1 38 50 2 41 41 -1 43 43 -1 43 56 2 44 60 1 47 47 -1 50 50 -1 54 54 -1
12 -1 -1 1 11 37 2 20 20 -1 34 34 -1 38 55 2 42 42 -1 43 61 2 44 44 -1 44 62 1 48 48 -1 51 51 -1 55 55 -1
12 -1 -1 1 13 13 -1 17 30 2 22 22 -1 38 50 2 40 40 -1 45 45 -1 45 56 2 49 49 -1 50 50 -1 51 51 -1 52 60 1
12 -1 -1 1 14 14 -1 17 24 2 27 27 -1 38 46 2 41 41 -1 45 45 -1 45 56 2 46 46 -1 47 47 -1 48 48 -1 52 59 1
12 -1 -1 1 15 15 -1 17 37 2 33 33 -1 38 55 2 42 42 -1 45 61 2 52 52 -1 52 62 1 53 53 -1 54 54 -1 55 55 -1
11 -1 -1 1 24 30 2 25 25 -1 29 29 -1 46 50 2 47 47 -1 49 49 -1 56 56 1 57 57 -1 58 58 -1 59 60 1
12 -1 -1 1 24 37 2 31 31 -1 36 36 -1 46 55 2 51 51 -1 54 54 -1 56 61 2 58 58 -1 59 59 -1 59 62 1 61 61 -1
12 -1 -1 1 26 26 -1 30 37 2 35 35 -1 48 48 -1 50 55 2 53 53 -1 56 61 2 58 58 -1 60 60 -1 60 62 1 61 61 -1
12 0 2 1 1 3 -1 2 11 -1 3 12 -1 4 13 -1 5 14 -1 6 15 -1 10 16 1 10 17 1 18 21 1 19 21 1 20 32 1
12 0 2 1 1 3 -1 2 17 -1 3 12 -1 4 28 -1 5 23 -1 6 34 -1 7 11 1 7 16 1 8 22 1 8 27 1 9 33 1
12 0 3 1 1 2 -1 2 16 -1 3 11 -1 4 27 -1 5 22 -1 6 33 -1 7 12 1 7 17 1 8 23 1 8 28 1 9 34 1
12 0 3 1 1 2 -1 2 16 -1 3 17 -1 4 18 -1 5 19 -1 6 20 -1 10 11 1 10 12 1 13 21 1 14 21 1 15 32 1
12 0 4 1 1 5 -1 2 19 -1 3 14 -1 4 30 -1 5 25 -1 6 36 -1 7 13 1 7 18 1 8 24 1 8 29 1 9 35 1
12 0 4 1 1 5 -1 2 22 -1 3 23 -1 4 24 -1 5 25 -1 6 26 -1 10 27 1 10 28 1 21 29 1 21 30 1 31 32 1
12 0 5 1 1 4 -1 2 18 -1 3 13 -1 4 29 -1 5 24 -1 6 35 -1 7 14 1 7 19 1 8 25 1 8 30 1 9 36 1
12 0 5 1 1 4 -1 2 27 -1 3 28 -1 4 29 -1 5 30 -1 6 31 -1 10 22 1 10 23 1 21 24 1 21 25 1 26 32 1
12 0 6 1 1 6 -1 2 20 -1 3 15 -1 4 31 -1 5 26 -1 6 37 -1 7 15 1 7 20 1 8 26 1 8 31 1 9 37 1
12 0 6 1 1 6 -1 2 33 -1 3 34 -1 4 35 -1 5 36 -1 6 37 -1 10 33 1 10 34 1 21 35 1 21 36 1 32 37 1
12 0 7 1 0 10 -1 7 11 -1 7 12 -1 8 13 -1 8 14 -1 9 15 -1 10 12 1 10 17 1 21 23 1 21 28 1 32 34 1
12 0 7 1 0 10 -1 7 16 -1 7 17 -1 8 18 -1 8 19 -1 9 20 -1 10 11 1 10 16 1 21 22 1 21 27 1 32 33 1
12 0 8 1 0 21 -1 7 22 -1 7 23 -1 8 24 -1 8 25 -1 9 26 -1 10 14 1 10 19 1 21 25 1 21 30 1 32 36 1
12 0 8 1 0 21 -1 7 27 -1 7 28 -1 8 29 -1 8 30 -1 9 31 -1 10 13 1 10 18 1 21 24 1 21 29 1 32 35 1
12 0 9 1 0 32 -1 7 33 -1 7 34 -1 8 35 -1 8 36 -1 9 37 -1 10 15 1 10 20 1 21 26 1 21 31 1 32 37 1
14 0 11 1 1 11 1 2 10 -1 2 38 1 3 7 -1 3 38 1 4 43 1 5 43 1 6 44 1 11 11 -1 12 16 -1 13 22 -1 14 27 -1 15 33 -1
14 0 12 1 0 16 1 2 3 -1 7 7 -1 7 38 1 7 39 1 8 40 1 8 41 1 9 42 1 11 12 -1 16 17 -1 22 23 -1 27 28 -1 33 34 -1
14 0 12 1 0 16 1 2 3 -1 10 10 -1 10 38 1 10 39 1 11 16 -1 12 17 -1 13 18 -1 14 19 -1 15 20 -1 21 40 1 21 41 1 32 42 1
14 0 12 1 1 16 1 2 39 1 3 7 -1 3 10 -1 3 38 1 4 41 1 5 40 1 6 42 1 11 12 -1 12 17 -1 13 23 -1 14 28 -1 15 34 -1
14 0 13 1 0 22 1 2 4 -1 7 8 -1 7 40 1 7 45 1 8 49 1 8 50 1 9 51 1 11 13 -1 16 18 -1 22 24 -1 27 29 -1 33 35 -1
14 0 13 1 0 22 1 3 5 -1 10 21 -1 10 40 1 10 45 1 11 22 -1 12 23 -1 13 24 -1 14 25 -1 15 26 -1 21 49 1 21 50 1 32 51 1
14 0 13 1 1 22 1 2 40 1 3 8 -1 3 45 1 4 10 -1 4 50 1 5 49 1 6 51 1 11 13 -1 12 18 -1 13 24 -1 14 29 -1 15 35 -1
14 0 14 1 0 27 1 2 5 -1 7 8 -1 7 41 1 7 45 1 8 46 1 8 47 1 9 48 1 11 14 -1 16 19 -1 22 25 -1 27 30 -1 33 36 -1
14 0 14 1 0 27 1 3 4 -1 10 21 -1 10 41 1 10 45 1 11 27 -1 12 28 -1 13 29 -1 14 30 -1 15 31 -1 21 46 1 21 47 1 32 48 1
14 0 14 1 1 27 1 2 41 1 3 8 -1 3 45 1 4 47 1 5 10 -1 5 46 1 6 48 1 11 14 -1 12 19 -1 13 25 -1 14 30 -1 15 36 -1
14 0 15 1 0 33 1 2 6 -1 7 9 -1 7 42 1 7 52 1 8 53 1 8 54 1 9 55 1 11 15 -1 16 20 -1 22 26 -1 27 31 -1 33 37 -1
14 0 15 1 0 33 1 3 6 -1 10 32 -1 10 42 1 10 52 1 11 33 -1 12 34 -1 13 35 -1 14 36 -1 15 37 -1 21 53 1 21 54 1 32 55 1
14 0 15 1 1 33 1 2 42 1 3 9 -1 3 52 1 4 54 1 5 53 1 6 10 -1 6 55 1 11 15 -1 12 20 -1 13 26 -1 14 31 -1 15 37 -1
14 0 16 1 1 12 1 2 7 -1 2 10 -1 2 38 1 3 39 1 4 40 1 5 41 1 6 42 1 11 16 -1 16 17 -1 18 22 -1 19 27 -1 20 33 -1
14 0 17 1 1 17 1 2 7 -1 2 38 1 3 10 -1 3 38 1 4 45 1 5 45 1 6 52 1 12 16 -1 17 17 -1 18 23 -1 19 28 -1 20 34 -1
14 0 18 1 0 23 1 2 5 -1 10 21 -1 10 41 1 10 43 1 16 22 -1 17 23 -1 18 24 -1 19 25 -1 20 26 -1 21 47 1 21 50 1 32 54 1
14 0 18 1 0 23 1 3 4 -1 7 8 -1 7 41 1 7 43 1 8 47 1 8 50 1 9 54 1 12 13 -1 17 18 -1 23 24 -1 28 29 -1 34 35 -1
14 0 18 1 1 23 1 2 8 -1 2 43 1 3 41 1 4 10 -1 4 50 1 5 47 1 6 54 1 13 16 -1 17 18 -1 18 24 -1 19 29 -1 20 35 -1
14 0 19 1 0 28 1 2 4 -1 10 21 -1 10 40 1 10 43 1 16 27 -1 17 28 -1 18 29 -1 19 30 -1 20 31 -1 21 46 1 21 49 1 32 53 1
14 0 19 1 0 28 1 3 5 -1 7 8 -1 7 40 1 7 43 1 8 46 1 8 49 1 9 53 1 12 14 -1 17 19 -1 23 25 -1 28 30 -1 34 36 -1
14 0 19 1 1 28 1 2 8 -1 2 43 1 3 40 1 4 49 1 5 10 -1 5 46 1 6 53 1 14 16 -1 17 19 -1 18 25 -1 19 30 -1 20 36 -1
14 0 20 1 0 34 1 2 6 -1 10 32 -1 10 42 1 10 44 1 16 33 -1 17 34 -1 18 35 -1 19 36 -1 20 37 -1 21 48 1 21 51 1 32 55 1
14 0 20 1 0 34 1 3 6 -1 7 9 -1 7 42 1 7 44 1 8 48 1 8 51 1 9 55 1 12 15 -1 17 20 -1 23 26 -1 28 31 -1 34 37 -1
14 0 20 1 1 34 1 2 9 -1 2 44 1 3 42 1 4 51 1 5 48 1 6 10 -1 6 55 1 15 16 -1 17 20 -1 18 26 -1 19 31 -1 20 37 -1
14 0 22 1 1 13 1 2 21 -1 2 45 1 3 40 1 4 49 1 5 7 -1 5 50 1 6 51 1 11 22 -1 16 23 -1 22 24 -1 25 27 -1 26 33 -1
14 0 23 1 1 18 1 2 41 1 3 21 -1 3 43 1 4 47 1 5 7 -1 5 50 1 6 54 1 12 22 -1 17 23 -1 23 24 -1 25 28 -1 26 34 -1
14 0 24 1 1 24 1 2 46 1 3 46 1 4 21 -1 4 56 1 5 8 -1 5 56 1 6 59 1 13 22 -1 18 23 -1 24 24 -1 25 29 -1 26 35 -1
14 0 25 1 0 29 1 4 5 -1 7 47 1 7 49 1 8 8 -1 8 56 1 8 57 1 9 58 1 13 14 -1 18 19 -1 24 25 -1 29 30 -1 35 36 -1
14 0 25 1 0 29 1 4 5 -1 10 47 1 10 49 1 21 21 -1 21 56 1 21 57 1 22 27 -1 23 28 -1 24 29 -1 25 30 -1 26 31 -1 32 58 1
14 0 25 1 1 29 1 2 47 1 3 49 1 4 57 1 5 8 -1 5 21 -1 5 56 1 6 58 1 14 22 -1 19 23 -1 24 25 -1 25 30 -1 26 36 -1
14 0 26 1 0 35 1 4 6 -1 7 48 1 7 53 1 8 9 -1 8 58 1 8 60 1 9 61 1 13 15 -1 18 20 -1 24 26 -1 29 31 -1 35 37 -1
14 0 26 1 0 35 1 5 6 -1 10 48 1 10 53 1 21 32 -1 21 58 1 21 60 1 22 33 -1 23 34 -1 24 35 -1 25 36 -1 26 37 -1 32 61 1
14 0 26 1 1 35 1 2 48 1 3 53 1 4 58 1 5 9 -1 5 60 1 6 21 -1 6 61 1 15 22 -1 20 23 -1 24 26 -1 25 31 -1 26 37 -1
14 0 27 1 1 14 1 2 21 -1 2 45 1 3 41 1 4 7 -1 4 46 1 5 47 1 6 48 1 11 27 -1 16 28 -1 22 29 -1 27 30 -1 31 33 -1
14 0 28 1 1 19 1 2 40 1 3 21 -1 3 43 1 4 7 -1 4 46 1 5 49 1 6 53 1 12 27 -1 17 28 -1 23 29 -1 28 30 -1 31 34 -1
14 0 29 1 1 25 1 2 49 1 3 47 1 4 8 -1 4 21 -1 4 56 1 5 57 1 6 58 1 13 27 -1 18 28 -1 24 29 -1 29 30 -1 31 35 -1
14 0 30 1 1 30 1 2 50 1 3 50 1 4 8 -1 4 56 1 5 21 -1 5 56 1 6 60 1 14 27 -1 19 28 -1 25 29 -1 30 30 -1 31 36 -1
14 0 31 1 0 36 1 4 6 -1 10 51 1 10 54 1 21 32 -1 21 58 1 21 59 1 27 33 -1 28 34 -1 29 35 -1 30 36 -1 31 37 -1 32 61 1
14 0 31 1 0 36 1 5 6 -1 7 51 1 7 54 1 8 9 -1 8 58 1 8 59 1 9 61 1 14 15 -1 19 20 -1 25 26 -1 30 31 -1 36 37 -1
14 0 31 1 1 36 1 2 51 1 3 54 1 4 9 -1 4 59 1 5 58 1 6 21 -1 6 61 1 15 27 -1 20 28 -1 26 29 -1 30 31 -1 31 37 -1
14 0 33 1 1 15 1 2 32 -1 2 52 1 3 42 1 4 53 1 5 54 1 6 7 -1 6 55 1 11 33 -1 16 34 -1 22 35 -1 27 36 -1 33 37 -1
14 0 34 1 1 20 1 2 42 1 3 32 -1 3 44 1 4 48 1 5 51 1 6 7 -1 6 55 1 12 33 -1 17 34 -1 23 35 -1 28 36 -1 34 37 -1
14 0 35 1 1 26 1 2 53 1 3 48 1 4 32 -1 4 60 1 5 58 1 6 8 -1 6 61 1 13 33 -1 18 34 -1 24 35 -1 29 36 -1 35 37 -1
14 0 36 1 1 31 1 2 54 1 3 51 1 4 58 1 5 32 -1 5 59 1 6 8 -1 6 61 1 14 33 -1 19 34 -1 25 35 -1 30 36 -1 36 37 -1
14 0 37 1 1 37 1 2 55 1 3 55 1 4 61 1 5 61 1 6 9 -1 6 32 -1 6 62 1 15 33 -1 20 34 -1 26 35 -1 31 36 -1 37 37 -1
10 1 7 1 1 10 -1 2 11 1 2 17 -1 4 19 -1 4 22 1 5 18 -1 5 27 1 6 20 -1 6 33 1
10 1 7 1 1 10 -1 3 11 -1 3 17 1 4 14 -1 4 23 1 5 13 -1 5 28 1 6 15 -1 6 34 1
10 1 8 1 1 21 -1 2 13 1 2 28 -1 3 18 1 3 27 -1 4 24 1 4 30 -1 6 31 -1 6 35 1
10 1 8 1 1 21 -1 2 14 1 2 23 -1 3 19 1 3 22 -1 5 24 -1 5 30 1 6 26 -1 6 36 1
10 1 9 1 1 32 -1 2 15 1 2 34 -1 3 20 1 3 33 -1 4 26 1 4 36 -1 5 31 1 5 35 -1
10 2 2 1 3 3 -1 12 12 -1 13 28 -1 14 23 -1 15 34 -1 16 16 1 18 27 1 19 22 1 20 33 1
12 2 4 1 3 5 -1 11 19 -1 12 14 -1 13 17 1 13 30 -1 14 25 -1 15 36 -1 16 18 1 18 29 1 19 24 1 20 35 1
12 2 4 1 3 5 -1 11 28 1 12 23 -1 16 27 1 17 22 -1 22 30 1 23 25 -1 24 28 -1 26 34 -1 27 29 1 31 33 1
12 2 5 1 3 4 -1 11 18 -1 12 13 -1 13 29 -1 14 17 1 14 24 -1 15 35 -1 16 19 1 18 30 1 19 25 1 20 36 1
12 2 5 1 3 4 -1 11 23 1 12 28 -1 16 22 1 17 27 -1 22 25 1 23 30 -1 24 27 1 26 33 1 28 29 -1 31 34 -1
12 2 6 1 3 6 -1 11 20 -1 12 15 -1 13 31 -1 14 26 -1 15 17 1 15 37 -1 16 20 1 18 31 1 19 26 1 20 37 1
12 2 6 1 3 6 -1 11 34 1 12 34 -1 16 33 1 17 33 -1 22 36 1 23 36 -1 27 35 1 28 35 -1 33 37 1 34 37 -1
10 2 7 1 2 10 -1 3 7 1 3 10 -1 4 8 1 4 21 -1 5 8 1 5 21 -1 6 9 1 6 32 -1
10 2 7 1 2 10 -1 3 7 1 3 10 -1 13 19 -1 14 18 -1 15 20 -1 22 28 1 23 27 1 33 34 1
8 2 7 2 2 10 -2 11 16 2 16 17 -2 18 19 -2 20 20 -1 22 27 2 33 33 1
14 2 8 1 2 21 -1 4 7 1 4 10 -1 11 18 1 13 16 1 16 28 -1 17 27 -1 18 30 -1 19 29 -1 20 31 -1 22 29 1 24 27 1 33 35 1
14 2 8 1 2 21 -1 5 7 1 5 10 -1 11 19 1 14 16 1 16 23 -1 17 22 -1 18 25 -1 19 24 -1 20 26 -1 22 30 1 25 27 1 33 36 1
14 2 9 1 2 32 -1 6 7 1 6 10 -1 11 20 1 15 16 1 16 34 -1 17 33 -1 18 36 -1 19 35 -1 20 37 -1 22 31 1 26 27 1 33 37 1
12 2 11 1 2 17 -1 7 17 -1 10 11 1 11 38 -1 17 38 1 18 43 1 19 43 1 20 44 1 22 45 -1 27 45 -1 33 52 -1
12 2 11 1 3 12 -1 7 11 1 10 16 -1 12 39 -1 13 40 -1 14 41 -1 15 42 -1 16 38 1 22 43 1 27 43 1 33 44 1
14 2 13 1 2 28 -1 7 19 -1 10 22 1 11 40 -1 16 43 -1 16 45 1 17 40 1 18 49 1 19 50 1 20 51 1 22 46 -1 27 49 -1 33 53 -1
14 2 13 1 5 12 -1 7 22 1 11 40 1 16 21 -1 16 45 1 22 38 -1 22 50 1 23 39 -1 24 40 -1 25 41 -1 26 42 -1 27 49 1 33 51 1
14 2 14 1 2 23 -1 7 18 -1 10 27 1 11 41 -1 16 43 -1 16 45 1 17 41 1 18 46 1 19 47 1 20 48 1 22 47 -1 27 50 -1 33 54 -1
14 2 14 1 4 12 -1 7 27 1 11 41 1 16 21 -1 16 45 1 22 47 1 27 38 -1 27 46 1 28 39 -1 29 40 -1 30 41 -1 31 42 -1 33 48 1
14 2 15 1 2 34 -1 7 20 -1 10 33 1 11 42 -1 16 44 -1 16 52 1 17 42 1 18 53 1 19 54 1 20 55 1 22 48 -1 27 51 -1 33 55 -1
14 2 15 1 6 12 -1 7 33 1 11 42 1 16 32 -1 16 52 1 22 54 1 27 53 1 33 38 -1 33 55 1 34 39 -1 35 40 -1 36 41 -1 37 42 -1
12 2 16 1 3 11 -1 7 12 1 10 11 -1 12 38 -1 13 43 -1 14 43 -1 15 44 -1 16 39 1 22 40 1 27 41 1 33 42 1
12 2 16 1 3 17 -1 7 17 -1 10 12 1 12 38 -1 16 39 1 18 41 1 19 40 1 20 42 1 23 45 -1 28 45 -1 34 52 -1
12 2 17 1 3 12 -1 7 16 -1 10 17 1 12 39 -1 16 38 1 18 45 1 19 45 1 20 52 1 23 41 -1 28 40 -1 34 42 -1
12 2 18 1 3 28 -1 7 19 -1 10 23 1 12 40 -1 16 41 1 18 47 1 19 50 1 20 54 1 23 46 -1 28 49 -1 34 53 -1
14 2 18 1 5 11 -1 7 23 1 11 21 -1 11 43 1 16 41 1 22 38 -1 22 50 1 23 38 -1 24 43 -1 25 43 -1 26 44 -1 27 47 1 33 54 1
12 2 19 1 3 23 -1 7 18 -1 10 28 1 12 41 -1 16 40 1 18 46 1 19 49 1 20 53 1 23 47 -1 28 50 -1 34 54 -1
14 2 19 1 4 11 -1 7 28 1 11 21 -1 11 43 1 16 40 1 22 49 1 27 38 -1 27 46 1 28 38 -1 29 43 -1 30 43 -1 31 44 -1 33 53 1
12 2 20 1 3 34 -1 7 20 -1 10 34 1 12 42 -1 16 42 1 18 48 1 19 51 1 20 55 1 23 48 -1 28 51 -1 34 55 -1
14 2 20 1 6 11 -1 7 34 1 11 32 -1 11 44 1 16 42 1 22 51 1 27 48 1 33 38 -1 33 55 1 34 38 -1 35 43 -1 36 43 -1 37 44 -1
12 2 22 1 3 14 -1 7 13 1 10 27 -1 12 41 -1 13 46 -1 14 47 -1 15 48 -1 16 40 1 22 49 1 27 50 1 33 51 1
14 2 22 1 4 17 -1 8 17 -1 10 13 1 13 38 -1 16 40 1 17 45 1 18 38 -1 18 50 1 19 49 1 20 51 1 24 45 -1 29 45 -1 35 52 -1
14 2 23 1 4 12 -1 8 16 -1 10 18 1 13 39 -1 16 43 1 17 41 1 18 38 -1 18 50 1 19 47 1 20 54 1 24 41 -1 29 40 -1 35 42 -1
14 2 24 1 4 28 -1 8 19 -1 10 24 1 13 40 -1 16 46 1 17 46 1 18 43 -1 18 56 1 19 56 1 20 59 1 24 46 -1 29 49 -1 35 53 -1
14 2 24 1 5 14 -1 7 24 1 11 46 1 16 46 1 21 27 -1 22 45 -1 22 56 1 23 41 -1 24 46 -1 25 47 -1 26 48 -1 27 56 1 33 59 1
14 2 25 1 4 14 -1 7 29 1 11 47 1 16 49 1 21 27 -1 22 57 1 27 45 -1 27 56 1 28 41 -1 29 46 -1 30 47 -1 31 48 -1 33 58 1
14 2 25 1 4 23 -1 8 18 -1 10 29 1 13 41 -1 16 49 1 17 47 1 18 43 -1 18 56 1 19 57 1 20 58 1 24 47 -1 29 50 -1 35 54 -1
14 2 26 1 4 34 -1 8 20 -1 10 35 1 13 42 -1 16 53 1 17 48 1 18 44 -1 18 60 1 19 58 1 20 61 1 24 48 -1 29 51 -1 35 55 -1
14 2 26 1 6 14 -1 7 35 1 11 48 1 16 53 1 22 58 1 27 32 -1 27 60 1 33 45 -1 33 61 1 34 41 -1 35 46 -1 36 47 -1 37 48 -1
12 2 27 1 3 13 -1 7 14 1 10 22 -1 12 40 -1 13 49 -1 14 50 -1 15 51 -1 16 41 1 22 46 1 27 47 1 33 48 1
14 2 27 1 5 17 -1 8 17 -1 10 14 1 14 38 -1 16 41 1 17 45 1 18 47 1 19 38 -1 19 46 1 20 48 1 25 45 -1 30 45 -1 36 52 -1
14 2 28 1 5 12 -1 8 16 -1 10 19 1 14 39 -1 16 43 1 17 40 1 18 49 1 19 38 -1 19 46 1 20 53 1 25 41 -1 30 40 -1 36 42 -1
14 2 29 1 5 13 -1 7 25 1 11 49 1 16 47 1 21 22 -1 22 45 -1 22 56 1 23 40 -1 24 49 -1 25 50 -1 26 51 -1 27 57 1 33 58 1
14 2 29 1 5 28 -1 8 19 -1 10 25 1 14 40 -1 16 47 1 17 49 1 18 57 1 19 43 -1 19 56 1 20 58 1 25 46 -1 30 49 -1 36 53 -1
14 2 30 1 4 13 -1 7 30 1 11 50 1 16 50 1 21 22 -1 22 56 1 27 45 -1 27 56 1 28 40 -1 29 49 -1 30 50 -1 31 51 -1 33 60 1
14 2 30 1 5 23 -1 8 18 -1 10 30 1 14 41 -1 16 50 1 17 50 1 18 56 1 19 43 -1 19 56 1 20 60 1 25 47 -1 30 50 -1 36 54 -1
14 2 31 1 5 34 -1 8 20 -1 10 36 1 14 42 -1 16 54 1 17 51 1 18 58 1 19 44 -1 19 59 1 20 61 1 25 48 -1 30 51 -1 36 55 -1
14 2 31 1 6 13 -1 7 36 1 11 51 1 16 54 1 22 32 -1 22 59 1 27 58 1 33 45 -1 33 61 1 34 40 -1 35 49 -1 36 50 -1 37 51 -1
12 2 33 1 3 15 -1 7 15 1 10 33 -1 12 42 -1 13 53 -1 14 54 -1 15 55 -1 16 42 1 22 53 1 27 54 1 33 55 1
14 2 33 1 6 17 -1 9 17 -1 10 15 1 15 38 -1 16 42 1 17 52 1 18 54 1 19 53 1 20 38 -1 20 55 1 26 45 -1 31 45 -1 37 52 -1
14 2 34 1 6 12 -1 9 16 -1 10 20 1 15 39 -1 16 44 1 17 42 1 18 51 1 19 48 1 20 38 -1 20 55 1 26 41 -1 31 40 -1 37 42 -1
14 2 35 1 5 15 -1 7 26 1 11 53 1 16 48 1 21 33 -1 22 52 -1 22 60 1 23 42 -1 24 53 -1 25 54 -1 26 55 -1 27 58 1 33 61 1
14 2 35 1 6 28 -1 9 19 -1 10 26 1 15 40 -1 16 48 1 17 53 1 18 58 1 19 60 1 20 43 -1 20 61 1 26 46 -1 31 49 -1 37 53 -1
14 2 36 1 4 15 -1 7 31 1 11 54 1 16 51 1 21 33 -1 22 58 1 27 52 -1 27 59 1 28 42 -1 29 53 -1 30 54 -1 31 55 -1 33 61 1
14 2 36 1 6 23 -1 9 18 -1 10 31 1 15 41 -1 16 51 1 17 54 1 18 59 1 19 58 1 20 43 -1 20 61 1 26 47 -1 31 50 -1 37 54 -1
14 2 37 1 6 15 -1 7 37 1 11 55 1 16 55 1 22 61 1 27 61 1 32 33 -1 33 52 -1 33 62 1 34 42 -1 35 53 -1 36 54 -1 37 55 -1
14 2 37 1 6 34 -1 9 20 -1 10 37 1 15 42 -1 16 55 1 17 55 1 18 61 1 19 61 1 20 44 -1 20 62 1 26 48 -1 31 51 -1 37 55 -1
8 3 7 2 3 10 -2 11 12 -2 12 17 2 13 14 -2 15 15 -1 23 28 2 34 34 1
14 3 8 1 3 21 -1 4 7 1 4 10 -1 11 28 -1 12 18 1 12 27 -1 13 17 1 13 30 -1 14 29 -1 15 31 -1 23 29 1 24 28 1 34 35 1
14 3 8 1 3 21 -1 5 7 1 5 10 -1 11 23 -1 12 19 1 12 22 -1 13 25 -1 14 17 1 14 24 -1 15 26 -1 23 30 1 25 28 1 34 36 1
14 3 9 1 3 32 -1 6 7 1 6 10 -1 11 34 -1 12 20 1 12 33 -1 13 36 -1 14 35 -1 15 17 1 15 37 -1 23 31 1 26 28 1 34 37 1
12 3 11 1 3 17 -1 7 11 1 10 17 -1 11 38 -1 13 45 -1 14 45 -1 15 52 -1 17 38 1 23 43 1 28 43 1 34 44 1
14 3 13 1 5 17 -1 7 22 1 12 40 1 17 21 -1 17 45 1 22 38 -1 23 38 -1 23 50 1 24 45 -1 25 45 -1 26 52 -1 28 49 1 34 51 1
14 3 14 1 4 17 -1 7 27 1 12 41 1 17 21 -1 17 45 1 23 47 1 27 38 -1 28 38 -1 28 46 1 29 45 -1 30 45 -1 31 52 -1 34 48 1
14 3 15 1 6 17 -1 7 33 1 12 42 1 17 32 -1 17 52 1 23 54 1 28 53 1 33 38 -1 34 38 -1 34 55 1 35 45 -1 36 45 -1 37 52 -1
14 3 18 1 3 27 -1 7 14 -1 10 23 1 11 41 1 12 43 1 12 45 -1 13 47 1 14 50 1 15 54 1 17 41 -1 23 46 -1 28 47 -1 34 48 -1
14 3 18 1 5 16 -1 7 23 1 12 21 -1 12 43 1 17 41 1 22 39 -1 23 38 -1 23 50 1 24 41 -1 25 40 -1 26 42 -1 28 47 1 34 54 1
14 3 19 1 3 22 -1 7 13 -1 10 28 1 11 40 1 12 43 1 12 45 -1 13 46 1 14 49 1 15 53 1 17 40 -1 23 49 -1 28 50 -1 34 51 -1
14 3 19 1 4 16 -1 7 28 1 12 21 -1 12 43 1 17 40 1 23 49 1 27 39 -1 28 38 -1 28 46 1 29 41 -1 30 40 -1 31 42 -1 34 53 1
14 3 20 1 3 33 -1 7 15 -1 10 34 1 11 42 1 12 44 1 12 52 -1 13 48 1 14 51 1 15 55 1 17 42 -1 23 53 -1 28 54 -1 34 55 -1
14 3 20 1 6 16 -1 7 34 1 12 32 -1 12 44 1 17 42 1 23 51 1 28 48 1 33 39 -1 34 38 -1 34 55 1 35 41 -1 36 40 -1 37 42 -1
14 3 22 1 4 16 -1 8 12 -1 10 13 1 11 40 1 12 45 1 13 38 -1 13 50 1 14 49 1 15 51 1 18 39 -1 24 40 -1 29 41 -1 35 42 -1
14 3 23 1 4 11 -1 8 11 -1 10 18 1 11 43 1 12 41 1 13 38 -1 13 50 1 14 47 1 15 54 1 18 38 -1 24 43 -1 29 43 -1 35 44 -1
14 3 24 1 4 27 -1 8 14 -1 10 24 1 11 46 1 12 46 1 13 45 -1 13 56 1 14 56 1 15 59 1 18 41 -1 24 46 -1 29 47 -1 35 48 -1
14 3 24 1 5 19 -1 7 24 1 12 46 1 17 46 1 21 28 -1 22 40 -1 23 43 -1 23 56 1 24 46 -1 25 49 -1 26 53 -1 28 56 1 34 59 1
14 3 25 1 4 19 -1 7 29 1 12 47 1 17 49 1 21 28 -1 23 57 1 27 40 -1 28 43 -1 28 56 1 29 46 -1 30 49 -1 31 53 -1 34 58 1
14 3 25 1 4 22 -1 8 13 -1 10 29 1 11 49 1 12 47 1 13 45 -1 13 56 1 14 57 1 15 58 1 18 40 -1 24 49 -1 29 50 -1 35 51 -1
14 3 26 1 4 33 -1 8 15 -1 10 35 1 11 53 1 12 48 1 13 52 -1 13 60 1 14 58 1 15 61 1 18 42 -1 24 53 -1 29 54 -1 35 55 -1
14 3 26 1 6 19 -1 7 35 1 12 48 1 17 53 1 23 58 1 28 32 -1 28 60 1 33 40 -1 34 43 -1 34 61 1 35 46 -1 36 49 -1 37 53 -1
14 3 27 1 5 16 -1 8 12 -1 10 14 1 11 41 1 12 45 1 13 47 1 14 38 -1 14 46 1 15 48 1 19 39 -1 25 40 -1 30 41 -1 36 42 -1
14 3 28 1 5 11 -1 8 11 -1 10 19 1 11 43 1 12 40 1 13 49 1 14 38 -1 14 46 1 15 53 1 19 38 -1 25 43 -1 30 43 -1 36 44 -1
14 3 29 1 5 18 -1 7 25 1 12 49 1 17 47 1 21 23 -1 22 41 -1 23 43 -1 23 56 1 24 47 -1 25 50 -1 26 54 -1 28 57 1 34 58 1
14 3 29 1 5 27 -1 8 14 -1 10 25 1 11 47 1 12 49 1 13 57 1 14 45 -1 14 56 1 15 58 1 19 41 -1 25 46 -1 30 47 -1 36 48 -1
14 3 30 1 4 18 -1 7 30 1 12 50 1 17 50 1 21 23 -1 23 56 1 27 41 -1 28 43 -1 28 56 1 29 47 -1 30 50 -1 31 54 -1 34 60 1
14 3 30 1 5 22 -1 8 13 -1 10 30 1 11 50 1 12 50 1 13 56 1 14 45 -1 14 56 1 15 60 1 19 40 -1 25 49 -1 30 50 -1 36 51 -1
14 3 31 1 5 33 -1 8 15 -1 10 36 1 11 54 1 12 51 1 13 58 1 14 52 -1 14 59 1 15 61 1 19 42 -1 25 53 -1 30 54 -1 36 55 -1
14 3 31 1 6 18 -1 7 36 1 12 51 1 17 54 1 23 32 -1 23 59 1 28 58 1 33 41 -1 34 43 -1 34 61 1 35 47 -1 36 50 -1 37 54 -1
14 3 33 1 6 16 -1 9 12 -1 10 15 1 11 42 1 12 52 1 13 54 1 14 53 1 15 38 -1 15 55 1 20 39 -1 26 40 -1 31 41 -1 37 42 -1
14 3 34 1 6 11 -1 9 11 -1 10 20 1 11 44 1 12 42 1 13 51 1 14 48 1 15 38 -1 15 55 1 20 38 -1 26 43 -1 31 43 -1 37 44 -1
14 3 35 1 5 20 -1 7 26 1 12 53 1 17 48 1 21 34 -1 22 42 -1 23 44 -1 23 60 1 24 48 -1 25 51 -1 26 55 -1 28 58 1 34 61 1
14 3 35 1 6 27 -1 9 14 -1 10 26 1 11 48 1 12 53 1 13 58 1 14 60 1 15 45 -1 15 61 1 20 41 -1 26 46 -1 31 47 -1 37 48 -1
14 3 36 1 4 20 -1 7 31 1 12 54 1 17 51 1 21 34 -1 23 58 1 27 42 -1 28 44 -1 28 59 1 29 48 -1 30 51 -1 31 55 -1 34 61 1
14 3 36 1 6 22 -1 9 13 -1 10 31 1 11 51 1 12 54 1 13 59 1 14 58 1 15 45 -1 15 61 1 20 40 -1 26 49 -1 31 50 -1 37 51 -1
14 3 37 1 6 20 -1 7 37 1 12 55 1 17 55 1 23 61 1 28 61 1 32 34 -1 33 42 -1 34 44 -1 34 62 1 35 48 -1 36 51 -1 37 55 -1
14 3 37 1 6 33 -1 9 15 -1 10 37 1 11 55 1 12 55 1 13 61 1 14 61 1 15 52 -1 15 62 1 20 42 -1 26 53 -1 31 54 -1 37 55 -1
10 4 4 1 5 5 -1 13 28 1 14 23 -1 18 27 1 19 22 -1 25 25 -1 26 36 -1 29 29 1 31 35 1
12 4 6 1 5 6 -1 13 34 1 14 34 -1 18 33 1 19 33 -1 24 36 1 25 36 -1 29 35 1 30 35 -1 35 37 1 36 37 -1
12 4 6 1 5 6 -1 15 23 -1 15 28 1 20 22 -1 20 27 1 24 31 -1 25 26 -1 26 30 1 26 37 -1 29 31 1 31 37 1
10 4 8 1 4 21 -1 5 8 1 5 21 -1 13 19 1 14 18 1 22 28 -1 23 27 -1 26 31 -1 35 36 1
8 4 8 2 4 21 -2 13 18 2 24 29 2 27 28 -2 29 30 -2 31 31 -1 35 35 1
14 4 9 1 4 32 -1 6 8 1 6 21 -1 13 20 1 15 18 1 24 31 1 26 29 1 27 34 -1 28 33 -1 29 36 -1 30 35 -1 31 37 -1 35 37 1
12 4 13 1 5 23 -1 8 22 1 13 40 1 18 21 -1 18 45 1 22 43 -1 23 41 -1 25 47 -1 26 54 -1 29 49 1 35 51 1
14 4 14 1 4 23 -1 8 27 1 13 41 1 18 21 -1 18 45 1 24 47 1 27 43 -1 28 41 -1 29 46 1 29 50 -1 30 47 -1 31 54 -1 35 48 1
14 4 15 1 6 23 -1 8 33 1 13 42 1 18 32 -1 18 52 1 24 54 1 29 53 1 33 43 -1 34 41 -1 35 50 -1 35 55 1 36 47 -1 37 54 -1
12 4 18 1 5 22 -1 8 23 1 13 21 -1 13 43 1 18 41 1 22 40 -1 23 45 -1 25 49 -1 26 51 -1 29 47 1 35 54 1
14 4 19 1 4 22 -1 8 28 1 13 21 -1 13 43 1 18 40 1 24 49 1 27 40 -1 28 45 -1 29 46 1 29 50 -1 30 49 -1 31 51 -1 35 53 1
14 4 20 1 6 22 -1 8 34 1 13 32 -1 13 44 1 18 42 1 24 51 1 29 48 1 33 40 -1 34 45 -1 35 50 -1 35 55 1 36 49 -1 37 51 -1
12 4 24 1 4 30 -1 8 30 -1 13 50 -1 18 50 -1 21 24 1 24 56 -1 27 46 1 28 46 1 30 56 1 31 59 1 35 60 -1
12 4 24 1 5 25 -1 8 24 1 13 46 1 18 46 1 21 29 -1 22 49 -1 23 47 -1 25 57 -1 26 58 -1 29 56 1 35 59 1
14 4 26 1 4 36 -1 8 31 -1 13 54 -1 18 51 -1 21 35 1 24 58 -1 27 53 1 28 48 1 29 59 -1 29 60 1 30 58 1 31 61 1 35 61 -1
14 4 26 1 6 25 -1 8 35 1 13 48 1 18 53 1 24 58 1 29 32 -1 29 60 1 33 49 -1 34 47 -1 35 56 -1 35 61 1 36 57 -1 37 58 -1
12 4 27 1 5 19 -1 8 28 -1 14 21 1 14 43 -1 19 40 -1 25 49 -1 27 41 1 28 45 1 29 47 1 31 48 1 36 53 -1
12 4 28 1 5 14 -1 8 27 -1 14 41 -1 19 21 1 19 45 -1 25 47 -1 27 43 1 28 40 1 29 49 1 31 53 1 36 48 -1
12 4 29 1 5 24 -1 8 25 1 13 49 1 18 47 1 21 24 -1 22 46 -1 23 46 -1 25 56 -1 26 59 -1 29 57 1 35 58 1
12 4 29 1 5 30 -1 8 30 -1 14 50 -1 19 50 -1 21 25 1 25 56 -1 27 47 1 28 49 1 29 57 1 31 58 1 36 60 -1
12 4 30 1 5 25 -1 8 29 -1 14 47 -1 19 49 -1 21 30 1 25 57 -1 27 50 1 28 50 1 29 56 1 31 60 1 36 58 -1
12 4 31 1 5 36 -1 8 31 -1 14 54 -1 19 51 -1 21 36 1 25 58 -1 27 54 1 28 51 1 29 58 1 31 61 1 36 61 -1
14 4 31 1 6 24 -1 8 36 1 13 51 1 18 54 1 24 32 -1 24 59 1 29 58 1 33 46 -1 34 46 -1 35 56 -1 35 61 1 36 56 -1 37 59 -1
14 4 33 1 6 19 -1 9 28 -1 15 21 1 15 43 -1 20 40 -1 26 49 -1 27 42 1 28 52 1 29 54 1 30 53 1 31 46 -1 31 55 1 37 53 -1
14 4 34 1 6 14 -1 9 27 -1 15 41 -1 20 21 1 20 45 -1 26 47 -1 27 44 1 28 42 1 29 51 1 30 48 1 31 46 -1 31 55 1 37 48 -1
12 4 35 1 5 26 -1 8 26 1 13 53 1 18 48 1 21 35 -1 22 53 -1 23 48 -1 25 58 -1 26 61 -1 29 58 1 35 61 1
14 4 35 1 6 30 -1 9 30 -1 15 50 -1 20 50 -1 21 26 1 26 56 -1 27 48 1 28 53 1 29 58 1 30 60 1 31 56 -1 31 61 1 37 60 -1
14 4 36 1 6 25 -1 9 29 -1 15 47 -1 20 49 -1 21 31 1 26 57 -1 27 51 1 28 54 1 29 59 1 30 58 1 31 56 -1 31 61 1 37 58 -1
14 4 37 1 6 26 -1 8 37 1 13 55 1 18 55 1 24 61 1 29 61 1 32 35 -1 33 53 -1 34 48 -1 35 60 -1 35 62 1 36 58 -1 37 61 -1
14 4 37 1 6 36 -1 9 31 -1 15 54 -1 20 51 -1 21 37 1 26 58 -1 27 55 1 28 55 1 29 61 1 30 61 1 31 59 -1 31 62 1 37 61 -1
8 5 8 2 5 21 -2 14 19 2 22 23 -2 24 25 -2 25 30 2 26 26 -1 36 36 1
14 5 9 1 5 32 -1 6 8 1 6 21 -1 14 20 1 15 19 1 22 34 -1 23 33 -1 24 36 -1 25 31 1 25 35 -1 26 30 1 26 37 -1 36 37 1
14 5 13 1 5 28 -1 8 22 1 14 40 1 19 21 -1 19 45 1 22 43 -1 23 40 -1 24 49 -1 25 46 -1 25 50 1 26 53 -1 30 49 1 36 51 1
14 5 15 1 6 28 -1 8 33 1 14 42 1 19 32 -1 19 52 1 25 54 1 30 53 1 33 43 -1 34 40 -1 35 49 -1 36 46 -1 36 55 1 37 53 -1
14 5 18 1 5 27 -1 8 23 1 14 21 -1 14 43 1 19 41 1 22 41 -1 23 45 -1 24 47 -1 25 46 -1 25 50 1 26 48 -1 30 47 1 36 54 1
14 5 20 1 6 27 -1 8 34 1 14 32 -1 14 44 1 19 42 1 25 51 1 30 48 1 33 41 -1 34 45 -1 35 47 -1 36 46 -1 36 55 1 37 48 -1
12 5 24 1 5 30 -1 8 24 1 14 46 1 19 46 1 21 30 -1 22 50 -1 23 50 -1 24 56 -1 26 60 -1 30 56 1 36 59 1
14 5 26 1 6 30 -1 8 35 1 14 48 1 19 53 1 25 58 1 30 32 -1 30 60 1 33 50 -1 34 50 -1 35 56 -1 36 56 -1 36 61 1 37 60 -1
14 5 31 1 5 35 -1 8 26 -1 14 53 -1 19 48 -1 21 36 1 22 54 1 23 51 1 24 58 1 25 59 1 25 60 -1 26 61 1 30 58 -1 36 61 -1
14 5 31 1 6 29 -1 8 36 1 14 51 1 19 54 1 25 32 -1 25 59 1 30 58 1 33 47 -1 34 49 -1 35 57 -1 36 56 -1 36 61 1 37 58 -1
14 5 33 1 6 18 -1 9 23 -1 15 21 1 15 43 -1 20 41 -1 22 42 1 23 52 1 24 54 1 25 53 1 26 50 -1 26 55 1 31 47 -1 37 54 -1
14 5 34 1 6 13 -1 9 22 -1 15 40 -1 20 21 1 20 45 -1 22 44 1 23 42 1 24 51 1 25 48 1 26 50 -1 26 55 1 31 49 -1 37 51 -1
14 5 35 1 6 29 -1 9 25 -1 15 49 -1 20 47 -1 21 26 1 22 48 1 23 53 1 24 58 1 25 60 1 26 56 -1 26 61 1 31 57 -1 37 58 -1
14 5 36 1 6 24 -1 9 24 -1 15 46 -1 20 46 -1 21 31 1 22 51 1 23 54 1 24 59 1 25 58 1 26 56 -1 26 61 1 31 56 -1 37 59 -1
14 5 37 1 6 31 -1 8 37 1 14 55 1 19 55 1 25 61 1 30 61 1 32 36 -1 33 54 -1 34 51 -1 35 58 -1 36 59 -1 36 62 1 37 61 -1
14 5 37 1 6 35 -1 9 26 -1 15 53 -1 20 48 -1 21 37 1 22 55 1 23 55 1 24 61 1 25 61 1 26 60 -1 26 62 1 31 58 -1 37 61 -1
6 6 9 2 6 32 -2 15 20 2 26 31 2 33 34 -2 35 36 -2
12 6 15 1 6 34 -1 9 33 1 15 42 1 20 32 -1 20 52 1 26 54 1 31 53 1 33 44 -1 34 42 -1 35 51 -1 36 48 -1
12 6 20 1 6 33 -1 9 34 1 15 32 -1 15 44 1 20 42 1 26 51 1 31 48 1 33 42 -1 34 52 -1 35 54 -1 36 53 -1
12 6 26 1 6 36 -1 9 35 1 15 48 1 20 53 1 26 58 1 31 32 -1 31 60 1 33 51 -1 34 54 -1 35 59 -1 36 58 -1
12 6 31 1 6 35 -1 9 36 1 15 51 1 20 54 1 26 32 -1 26 59 1 31 58 1 33 48 -1 34 53 -1 35 58 -1 36 60 -1
6 7 7 2 8 8 2 9 9 1 10 10 -2 21 21 -2 32 32 -1
10 7 12 1 10 12 -1 11 39 -1 13 41 -1 14 40 -1 15 42 -1 17 39 1 23 40 1 28 41 1 34 42 1
10 7 16 1 10 16 -1 11 39 1 17 39 -1 18 40 -1 19 41 -1 20 42 -1 22 41 1 27 40 1 33 42 1
10 8 25 1 14 49 1 19 47 1 21 25 -1 22 47 -1 23 49 -1 24 57 -1 26 58 -1 30 57 1 36 58 1
10 8 29 1 13 47 1 18 49 1 21 29 -1 24 57 1 27 49 -1 28 47 -1 30 57 -1 31 58 -1 35 58 1
10 9 37 1 15 55 1 20 55 1 26 61 1 31 61 1 32 37 -1 33 55 -1 34 55 -1 35 61 -1 36 61 -1
6 11 11 2 17 17 -2 43 43 2 44 44 1 45 45 -2 52 52 -1
10 11 12 1 11 16 1 12 17 -1 13 27 1 14 22 1 15 33 1 16 17 -1 18 28 -1 19 23 -1 20 34 -1
10 11 12 1 11 16 1 12 17 -1 16 17 -1 40 43 1 40 45 -1 41 43 1 41 45 -1 42 44 1 42 52 -1
12 11 13 1 11 22 1 17 19 -1 17 28 -1 38 43 -1 38 45 1 43 49 1 43 50 1 44 51 1 45 46 -1 45 49 -1 52 53 -1
12 11 14 1 11 27 1 17 18 -1 17 23 -1 38 43 -1 38 45 1 43 46 1 43 47 1 44 48 1 45 47 -1 45 50 -1 52 54 -1
12 11 15 1 11 33 1 17 20 -1 17 34 -1 38 44 -1 38 52 1 43 53 1 43 54 1 44 55 1 45 48 -1 45 51 -1 52 55 -1
12 11 18 1 11 23 1 12 28 -1 16 19 -1 38 41 1 39 40 -1 40 49 -1 41 46 -1 42 53 -1 43 47 1 43 50 1 44 54 1
12 11 19 1 11 28 1 12 23 -1 16 18 -1 38 40 1 39 41 -1 40 50 -1 41 47 -1 42 54 -1 43 46 1 43 49 1 44 53 1
12 11 20 1 11 34 1 12 34 -1 16 20 -1 38 42 1 39 42 -1 40 51 -1 41 48 -1 42 55 -1 43 48 1 43 51 1 44 55 1
14 11 25 1 11 29 1 18 19 -1 23 28 -1 38 47 1 38 49 1 40 41 -1 43 43 -1 43 56 1 43 57 1 44 58 1 46 47 -1 49 50 -1 53 54 -1
14 11 26 1 11 35 1 19 20 -1 28 34 -1 38 48 1 38 53 1 40 42 -1 43 44 -1 43 58 1 43 60 1 44 61 1 46 48 -1 49 51 -1 53 55 -1
14 11 31 1 11 36 1 18 20 -1 23 34 -1 38 51 1 38 54 1 41 42 -1 43 44 -1 43 58 1 43 59 1 44 61 1 47 48 -1 50 51 -1 54 55 -1
12 12 13 1 14 17 -1 16 22 1 17 27 -1 38 41 -1 39 40 1 40 49 1 41 50 1 42 51 1 45 46 -1 45 47 -1 48 52 -1
12 12 14 1 13 17 -1 16 27 1 17 22 -1 38 40 -1 39 41 1 40 46 1 41 47 1 42 48 1 45 49 -1 45 50 -1 51 52 -1
12 12 15 1 15 17 -1 16 33 1 17 33 -1 38 42 -1 39 42 1 40 53 1 41 54 1 42 55 1 45 53 -1 45 54 -1 52 55 -1
10 12 18 1 12 27 -1 14 16 -1 16 23 1 39 43 1 39 45 -1 41 46 -1 41 50 1 42 48 -1 42 54 1
10 12 19 1 12 22 -1 13 16 -1 16 28 1 39 43 1 39 45 -1 40 46 1 40 50 -1 42 51 -1 42 53 1
10 12 20 1 12 33 -1 15 16 -1 16 34 1 39 44 1 39 52 -1 40 48 1 40 54 -1 41 51 1 41 53 -1
14 12 24 1 14 19 -1 16 24 1 27 28 -1 38 46 1 39 46 1 40 45 -1 40 56 1 41 43 -1 41 56 1 42 59 1 46 46 -1 47 49 -1 48 53 -1
14 12 25 1 13 19 -1 16 29 1 22 28 -1 38 49 1 39 47 1 40 43 -1 40 45 -1 40 56 1 41 57 1 42 58 1 46 49 -1 49 50 -1 51 53 -1
14 12 26 1 15 19 -1 16 35 1 28 33 -1 38 53 1 39 48 1 40 52 -1 40 60 1 41 58 1 42 43 -1 42 61 1 46 53 -1 49 54 -1 53 55 -1
14 12 29 1 14 18 -1 16 25 1 23 27 -1 38 47 1 39 49 1 40 57 1 41 43 -1 41 45 -1 41 56 1 42 58 1 46 47 -1 47 50 -1 48 54 -1
14 12 30 1 13 18 -1 16 30 1 22 23 -1 38 50 1 39 50 1 40 43 -1 40 56 1 41 45 -1 41 56 1 42 60 1 47 49 -1 50 50 -1 51 54 -1
14 12 31 1 15 18 -1 16 36 1 23 33 -1 38 54 1 39 51 1 40 58 1 41 52 -1 41 59 1 42 43 -1 42 61 1 47 53 -1 50 54 -1 54 55 -1
14 12 35 1 14 20 -1 16 26 1 27 34 -1 38 48 1 39 53 1 40 58 1 41 44 -1 41 60 1 42 45 -1 42 61 1 46 48 -1 47 51 -1 48 55 -1
14 12 36 1 13 20 -1 16 31 1 22 34 -1 38 51 1 39 54 1 40 44 -1 40 59 1 41 58 1 42 45 -1 42 61 1 48 49 -1 50 51 -1 51 55 -1
14 12 37 1 15 20 -1 16 37 1 33 34 -1 38 55 1 39 55 1 40 61 1 41 61 1 42 44 -1 42 52 -1 42 62 1 48 53 -1 51 54 -1 55 55 -1
14 13 14 1 17 25 -1 17 29 -1 22 27 1 38 47 -1 38 49 -1 40 41 1 45 45 1 45 56 -1 45 57 -1 46 49 1 47 50 1 48 51 1 52 58 -1
14 13 15 1 17 31 -1 17 36 -1 22 33 1 38 51 -1 38 54 -1 40 42 1 45 52 1 45 58 -1 45 59 -1 49 53 1 50 54 1 51 55 1 52 61 -1
8 13 22 2 19 28 -2 40 43 -2 40 45 2 46 49 -2 49 50 2 51 51 1 53 53 -1
10 13 23 1 14 28 -1 18 22 1 19 27 -1 24 25 1 24 29 1 25 30 -1 26 35 1 29 30 -1 31 36 -1
10 13 23 1 14 28 -1 18 22 1 19 27 -1 46 47 -1 46 49 -1 47 50 1 48 53 -1 49 50 1 51 54 1
12 13 24 1 19 30 -1 22 24 1 28 30 -1 40 46 1 40 50 -1 43 50 -1 45 46 1 46 56 -1 50 56 1 51 59 1 53 60 -1
10 13 25 1 19 29 -1 22 29 1 25 28 -1 43 49 -1 45 49 1 46 57 -1 50 57 1 51 58 1 53 58 -1
14 13 26 1 19 31 -1 22 35 1 28 36 -1 40 48 1 40 54 -1 43 51 -1 45 53 1 46 58 -1 49 59 -1 49 60 1 50 58 1 51 61 1 53 61 -1
10 13 27 1 14 22 1 18 28 -1 19 23 -1 40 43 -1 40 45 1 41 43 -1 41 45 1 48 51 1 53 54 -1
10 13 28 1 14 23 -1 18 27 -1 19 22 1 40 40 1 41 41 -1 47 47 -1 48 54 -1 49 49 1 51 53 1
12 13 29 1 18 30 -1 22 25 1 23 30 -1 40 49 1 41 50 -1 43 50 -1 45 47 1 47 56 -1 49 57 1 51 58 1 54 60 -1
12 13 30 1 18 29 -1 22 30 1 23 25 -1 40 50 1 41 47 -1 43 49 -1 45 50 1 47 57 -1 49 56 1 51 60 1 54 58 -1
12 13 31 1 18 31 -1 22 36 1 23 36 -1 40 51 1 41 54 -1 43 51 -1 45 54 1 47 58 -1 49 58 1 51 61 1 54 61 -1
14 13 33 1 15 22 1 19 34 -1 20 28 -1 40 44 -1 40 52 1 42 43 -1 42 45 1 46 51 -1 48 49 -1 49 54 1 50 53 1 51 55 1 53 55 -1
12 13 34 1 14 34 -1 20 22 1 20 27 -1 40 42 1 41 42 -1 46 51 -1 47 48 -1 48 50 1 48 55 -1 49 51 1 51 55 1
14 13 35 1 20 30 -1 22 26 1 30 34 -1 40 53 1 42 50 -1 44 50 -1 45 48 1 48 56 -1 49 58 1 50 60 1 51 56 -1 51 61 1 55 60 -1
14 13 36 1 20 29 -1 22 31 1 25 34 -1 40 54 1 42 47 -1 44 49 -1 45 51 1 48 57 -1 49 59 1 50 58 1 51 56 -1 51 61 1 55 58 -1
14 13 37 1 20 31 -1 22 37 1 34 36 -1 40 55 1 42 54 -1 44 51 -1 45 55 1 48 58 -1 49 61 1 50 61 1 51 59 -1 51 62 1 55 61 -1
14 14 15 1 17 26 -1 17 35 -1 27 33 1 38 48 -1 38 53 -1 41 42 1 45 52 1 45 58 -1 45 60 -1 46 53 1 47 54 1 48 55 1 52 61 -1
12 14 24 1 19 25 -1 24 27 1 28 29 -1 40 49 -1 41 46 1 43 47 -1 45 46 1 47 56 1 48 59 1 49 57 -1 53 58 -1
12 14 25 1 19 24 -1 24 28 -1 27 29 1 40 46 -1 41 47 1 43 46 -1 45 49 1 47 57 1 48 58 1 49 56 -1 53 59 -1
12 14 26 1 19 26 -1 27 35 1 28 35 -1 40 53 -1 41 48 1 43 48 -1 45 53 1 47 58 1 48 61 1 49 58 -1 53 61 -1
8 14 27 2 18 23 -2 41 43 -2 41 45 2 46 47 2 47 50 -2 48 48 1 54 54 -1
10 14 29 1 18 25 -1 23 29 -1 25 27 1 43 47 -1 45 47 1 46 57 1 48 58 1 50 57 -1 54 58 -1
12 14 30 1 18 24 -1 23 24 -1 27 30 1 41 46 -1 41 50 1 43 46 -1 45 50 1 46 56 1 48 60 1 50 56 -1 54 59 -1
14 14 31 1 18 26 -1 23 35 -1 27 36 1 41 51 1 41 53 -1 43 48 -1 45 54 1 46 58 1 47 59 1 47 60 -1 48 61 1 50 58 -1 54 61 -1
14 14 33 1 15 27 1 18 34 -1 20 23 -1 41 44 -1 41 52 1 42 43 -1 42 45 1 46 54 1 47 51 -1 47 53 1 48 50 -1 48 55 1 54 55 -1
14 14 35 1 20 25 -1 26 27 1 29 34 -1 41 53 1 42 49 -1 44 47 -1 45 48 1 46 58 1 47 60 1 48 56 -1 48 61 1 51 57 -1 55 58 -1
14 14 36 1 20 24 -1 24 34 -1 27 31 1 41 54 1 42 46 -1 44 46 -1 45 51 1 46 59 1 47 58 1 48 56 -1 48 61 1 51 56 -1 55 59 -1
14 14 37 1 20 26 -1 27 37 1 34 35 -1 41 55 1 42 53 -1 44 48 -1 45 55 1 46 61 1 47 61 1 48 60 -1 48 62 1 51 58 -1 55 61 -1
12 15 23 1 15 28 -1 18 33 1 19 33 -1 40 42 -1 41 42 1 46 54 -1 47 54 1 49 53 -1 50 53 1 53 55 -1 54 55 1
14 15 24 1 19 36 -1 24 33 1 28 31 -1 40 51 -1 42 46 1 43 54 -1 46 52 1 46 59 -1 49 58 -1 53 56 1 53 61 -1 54 56 1 55 59 1
14 15 25 1 19 35 -1 26 28 -1 29 33 1 40 48 -1 42 47 1 43 53 -1 46 58 -1 49 52 1 49 60 -1 53 56 1 53 61 -1 54 57 1 55 58 1
14 15 26 1 19 37 -1 28 37 -1 33 35 1 40 55 -1 42 48 1 43 55 -1 46 61 -1 49 61 -1 52 53 1 53 60 1 53 62 -1 54 58 1 55 61 1
14 15 29 1 18 36 -1 23 31 -1 25 33 1 41 51 -1 42 49 1 43 54 -1 47 52 1 47 59 -1 50 58 -1 53 57 1 54 56 1 54 61 -1 55 58 1
14 15 30 1 18 35 -1 23 26 -1 30 33 1 41 48 -1 42 50 1 43 53 -1 47 58 -1 50 52 1 50 60 -1 53 56 1 54 56 1 54 61 -1 55 60 1
14 15 31 1 18 37 -1 23 37 -1 33 36 1 41 55 -1 42 51 1 43 55 -1 47 61 -1 50 61 -1 52 54 1 53 58 1 54 59 1 54 62 -1 55 61 1
6 15 33 2 20 34 -2 42 44 -2 42 52 2 48 51 -2 53 54 2
12 15 35 1 20 36 -1 26 33 1 31 34 -1 42 51 -1 42 53 1 44 54 -1 48 52 1 48 59 -1 51 58 -1 53 58 1 54 60 1
12 15 36 1 20 35 -1 26 34 -1 31 33 1 42 48 -1 42 54 1 44 53 -1 48 58 -1 51 52 1 51 60 -1 53 59 1 54 58 1
10 15 37 1 20 37 -1 33 37 1 34 37 -1 44 55 -1 48 61 -1 51 61 -1 52 55 1 53 61 1 54 61 1
6 24 24 2 30 30 -2 46 46 2 50 50 -2 59 59 1 60 60 -1
10 24 25 1 24 29 1 25 30 -1 29 30 -1 46 47 1 46 49 1 47 50 -1 49 50 -1 58 59 1 58 60 -1
12 24 26 1 24 35 1 30 31 -1 30 36 -1 46 48 1 46 53 1 50 51 -1 50 54 -1 56 59 -1 56 60 1 59 61 1 60 61 -1
12 24 31 1 24 36 1 25 36 -1 29 31 -1 46 51 1 46 54 1 47 54 -1 49 51 -1 56 58 1 57 58 -1 58 61 -1 59 61 1
12 25 26 1 26 30 -1 29 35 1 30 35 -1 47 48 1 48 50 -1 49 53 1 50 53 -1 56 58 -1 57 58 1 58 61 1 60 61 -1
10 25 31 1 25 35 -1 26 29 -1 29 36 1 47 51 1 47 53 -1 48 49 -1 49 54 1 57 59 1 57 60 -1
14 25 37 1 26 31 -1 29 37 1 35 36 -1 47 55 1 48 51 -1 49 55 1 53 54 -1 56 61 1 57 61 1 58 59 -1 58 60 -1 58 62 1 61 61 -1
6 26 35 2 31 36 -2 48 53 2 51 54 -2 58 59 -2 58 60 2
10 26 37 1 31 37 -1 35 37 1 36 37 -1 48 55 1 51 55 -1 53 55 1 54 55 -1 59 61 -1 60 61 1
0 1 2 3 4 5 6 7 8 9 10 11 12 13 14 15 16 17 18 19 20 21 22 23 24 25 26 27 28 29 30 31 32 33 34 35 36 37 38 39 40 41 42 43 44 45 46 47 48 49 50 51 52 53 54 55 56 57 58 59 60 61 62
0 1 2 3 5 4 6 7 8 9 10 11 12 14 13 15 16 17 19 18 20 21 27 28 30 29 31 22 23 25 24 26 32 33 34 36 35 37 38 39 41 40 42 43 44 45 50 49 51 47 46 48 52 54 53 55 56 57 58 60 59 61 62
0 1 3 2 4 5 6 7 8 9 10 17 16 18 19 20 12 11 13 14 15 21 23 22 24 25 26 28 27 29 30 31 32 34 33 35 36 37 38 39 41 40 42 45 52 43 46 49 53 47 50 54 44 48 51 55 56 57 58 59 60 61 62
0 1 3 2 5 4 6 7 8 9 10 17 16 19 18 20 12 11 14 13 15 21 28 27 30 29 31 23 22 25 24 26 32 34 33 36 35 37 38 39 40 41 42 45 52 43 50 47 54 49 46 53 44 51 48 55 56 57 58 60 59 61 62
0 1 4 5 2 3 6 8 7 9 21 24 25 22 23 26 29 30 27 28 31 10 13 14 11 12 15 18 19 16 17 20 32 35 36 33 34 37 56 57 49 47 58 46 59 50 43 41 54 40 45 51 60 53 48 61 38 39 42 44 52 55 62
0 1 4 5 3 2 6 8 7 9 21 24 25 23 22 26 29 30 28 27 31 10 18 19 17 16 20 13 14 12 11 15 32 35 36 34 33 37 56 57 47 49 58 46 59 50 45 40 51 41 43 54 60 48 53 61 38 39 42 52 44 55 62
0 1 5 4 2 3 6 8 7 9 21 30 29 27 28 31 25 24 22 23 26 10 14 13 11 12 15 19 18 16 17 20 32 36 35 33 34 37 56 57 47 49 58 50 60 46 43 40 53 41 45 48 59 54 51 61 38 39 42 44 52 55 62
0 1 5 4 3 2 6 8 7 9 21 30 29 28 27 31 25 24 23 22 26 10 19 18 17 16 20 14 13 12 11 15 32 36 35 34 33 37 56 57 49 47 58 50 60 46 45 41 48 40 43 53 59 51 54 61 38 39 42 52 44 55 62
0 1 3 2 5 4 6 10 21 32 7 11 16 22 27 33 12 17 23 28 34 8 13 18 24 29 35 14 19 25 30 36 9 15 20 26 31 37 38 39 40 41 42 43 44 45 46 47 48 49 50 51 52 53 54 55 56 57 58 59 60 61 62
0 1 3 2 4 5 6 10 21 32 7 11 16 27 22 33 12 17 28 23 34 8 14 19 30 25 36 13 18 29 24 35 9 15 20 31 26 37 38 39 41 40 42 43 44 45 50 49 51 47 46 48 52 54 53 55 56 57 58 60 59 61 62
0 1 2 3 5 4 6 10 21 32 7 17 12 23 28 34 16 11 22 27 33 8 18 13 24 29 35 19 14 25 30 36 9 20 15 26 31 37 38 39 41 40 42 45 52 43 46 49 53 47 50 54 44 48 51 55 56 57 58 59 60 61 62
0 1 2 3 4 5 6 10 21 32 7 17 12 28 23 34 16 11 27 22 33 8 19 14 30 25 36 18 13 29 24 35 9 20 15 31 26 37 38 39 40 41 42 45 52 43 50 47 54 49 46 53 44 51 48 55 56 57 58 60 59 61 62
0 1 5 4 3 2 6 21 10 32 8 24 29 13 18 35 25 30 14 19 36 7 22 27 11 16 33 23 28 12 17 34 9 26 31 15 20 37 56 57 49 47 58 46 59 50 43 41 54 40 45 51 60 53 48 61 38 39 42 44 52 55 62
0 1 5 4 2 3 6 21 10 32 8 24 29 18 13 35 25 30 19 14 36 7 23 28 17 12 34 22 27 16 11 33 9 26 31 20 15 37 56 57 47 49 58 46 59 50 45 40 51 41 43 54 60 48 53 61 38 39 42 52 44 55 62
0 1 4 5 3 2 6 21 10 32 8 30 25 14 19 36 29 24 13 18 35 7 27 22 11 16 33 28 23 12 17 34 9 31 26 15 20 37 56 57 47 49 58 50 60 46 43 40 53 41 45 48 59 54 51 61 38 39 42 44 52 55 62
0 1 4 5 2 3 6 21 10 32 8 30 25 19 14 36 29 24 18 13 35 7 28 23 17 12 34 27 22 16 11 33 9 31 26 20 15 37 56 57 49 47 58 50 60 46 45 41 48 40 43 53 59 51 54 61 38 39 42 52 44 55 62
38 39 16 12 40 41 42 11 43 44 17 7 3 28 23 34 2 10 19 18 20 45 27 14 46 47 48 22 13 49 50 51 52 33 15 53 54 55 0 1 4 5 6 8 9 21 24 25 26 29 30 31 32 35 36 37 56 57 58 59 60 61 62
38 39 16 12 41 40 42 11 43 44 17 7 3 23 28 34 2 10 18 19 20 45 22 13 50 49 51 27 14 47 46 48 52 33 15 54 53 55 0 1 5 4 6 8 9 21 30 29 31 25 24 26 32 36 35 37 56 57 58 60 59 61 62
38 39 12 16 40 41 42 11 43 44 17 10 2 19 18 20 3 7 28 23 34 45 14 27 46 47 48 13 22 49 50 51 52 15 33 53 54 55 0 1 5 4 6 21 32 8 24 29 35 25 30 36 9 26 31 37 56 57 58 59 60 61 62
38 39 12 16 41 40 42 11 43 44 17 10 2 18 19 20 3 7 23 28 34 45 13 22 50 49 51 14 27 47 46 48 52 15 33 54 53 55 0 1 4 5 6 21 32 8 30 25 36 29 24 35 9 31 26 37 56 57 58 60 59 61 62
38 39 40 41 16 12 42 43 11 44 45 46 47 27 14 48 49 50 22 13 51 17 28 23 7 3 34 19 18 2 10 20 52 53 54 33 15 55 56 57 29 25 58 24 59 30 8 5 36 4 21 31 60 35 26 61 0 1 6 9 32 37 62
38 39 40 41 12 16 42 43 11 44 45 46 47 14 27 48 49 50 13 22 51 17 19 18 10 2 20 28 23 3 7 34 52 53 54 15 33 55 56 57 25 29 58 24 59 30 21 4 31 5 8 36 60 26 35 61 0 1 6 32 9 37 62
38 39 41 40 16 12 42 43 11 44 45 50 49 22 13 51 47 46 27 14 48 17 23 28 7 3 34 18 19 2 10 20 52 54 53 33 15 55 56 57 25 29 58 30 60 24 8 4 35 5 21 26 59 36 31 61 0 1 6 9 32 37 62
38 39 41 40 12 16 42 43 11 44 45 50 49 13 22 51 47 46 14 27 48 17 18 19 10 2 20 23 28 3 7 34 52 54 53 15 33 55 56 57 29 25 58 30 60 24 21 5 26 4 8 35 59 31 36 61 0 1 6 32 9 37 62
38 39 12 16 41 40 42 17 45 52 11 7 2 27 22 33 3 10 14 13 15 43 28 19 46 49 53 23 18 47 50 54 44 34 20 48 51 55 0 1 4 5 6 8 9 21 24 25 26 29 30 31 32 35 36 37 56 57 58 59 60 61 62
38 39 12 16 40 41 42 17 45 52 11 7 2 22 27 33 3 10 13 14 15 43 23 18 50 47 54 28 19 49 46 53 44 34 20 51 48 55 0 1 5 4 6 8 9 21 30 29 31 25 24 26 32 36 35 37 56 57 58 60 59 61 62
38 39 16 12 41 40 42 17 45 52 11 10 3 14 13 15 2 7 27 22 33 43 19 28 46 49 53 18 23 47 50 54 44 20 34 48 51 55 0 1 5 4 6 21 32 8 24 29 35 25 30 36 9 26 31 37 56 57 58 59 60 61 62
38 39 16 12 40 41 42 17 45 52 11 10 3 13 14 15 2 7 22 27 33 43 18 23 50 47 54 19 28 49 46 53 44 20 34 51 48 55 0 1 4 5 6 21 32 8 30 25 36 29 24 35 9 31 26 37 56 57 58 60 59 61 62
38 39 41 40 12 16 42 45 17 52 43 46 49 28 19 53 47 50 23 18 54 11 27 22 7 2 33 14 13 3 10 15 44 48 51 34 20 55 56 57 29 25 58 24 59 30 8 5 36 4 21 31 60 35 26 61 0 1 6 9 32 37 62
38 39 41 40 16 12 42 45 17 52 43 46 49 19 28 53 47 50 18 23 54 11 14 13 10 3 15 27 22 2 7 33 44 48 51 20 34 55 56 57 25 29 58 24 59 30 21 4 31 5 8 36 60 26 35 61 0 1 6 32 9 37 62
38 39 40 41 12 16 42 45 17 52 43 50 47 23 18 54 49 46 28 19 53 11 22 27 7 2 33 13 14 3 10 15 44 51 48 34 20 55 56 57 25 29 58 30 60 24 8 4 35 5 21 26 59 36 31 61 0 1 6 9 32 37 62
38 39 40 41 16 12 42 45 17 52 43 50 47 18 23 54 49 46 19 28 53 11 13 14 10 3 15 22 27 2 7 33 44 51 48 20 34 55 56 57 29 25 58 30 60 24 21 5 26 4 8 35 59 31 36 61 0 1 6 32 9 37 62
56 57 29 25 49 47 58 24 46 59 30 8 5 19 14 36 4 21 28 27 31 50 18 23 43 41 54 13 22 40 45 51 60 35 26 53 48 61 0 1 2 3 6 7 9 10 11 12 15 16 17 20 32 33 34 37 38 39 42 44 52 55 62
56 57 29 25 47 49 58 24 46 59 30 8 5 14 19 36 4 21 27 28 31 50 13 22 45 40 51 18 23 41 43 54 60 35 26 48 53 61 0 1 3 2 6 7 9 10 17 16 20 12 11 15 32 34 33 37 38 39 42 52 44 55 62
56 57 25 29 49 47 58 24 46 59 30 21 4 28 27 31 5 8 19 14 36 50 23 18 43 41 54 22 13 40 45 51 60 26 35 53 48 61 0 1 3 2 6 10 32 7 11 16 33 12 17 34 9 15 20 37 38 39 42 44 52 55 62
56 57 25 29 47 49 58 24 46 59 30 21 4 27 28 31 5 8 14 19 36 50 22 13 45 40 51 23 18 41 43 54 60 26 35 48 53 61 0 1 2 3 6 10 32 7 17 12 34 16 11 33 9 20 15 37 38 39 42 52 44 55 62
56 57 49 47 29 25 58 46 24 59 50 43 41 18 23 54 40 45 13 22 51 30 19 14 8 5 36 28 27 4 21 31 60 53 48 35 26 61 38 39 16 12 42 11 44 17 7 3 34 2 10 20 52 33 15 55 0 1 6 9 32 37 62
56 57 49 47 25 29 58 46 24 59 50 43 41 23 18 54 40 45 22 13 51 30 28 27 21 4 31 19 14 5 8 36 60 53 48 26 35 61 38 39 12 16 42 11 44 17 10 2 20 3 7 34 52 15 33 55 0 1 6 32 9 37 62
56 57 47 49 29 25 58 46 24 59 50 45 40 13 22 51 41 43 18 23 54 30 14 19 8 5 36 27 28 4 21 31 60 48 53 35 26 61 38 39 12 16 42 17 52 11 7 2 33 3 10 15 44 34 20 55 0 1 6 9 32 37 62
56 57 47 49 25 29 58 46 24 59 50 45 40 22 13 51 41 43 23 18 54 30 27 28 21 4 31 14 19 5 8 36 60 48 53 26 35 61 38 39 16 12 42 17 52 11 10 3 15 2 7 33 44 20 34 55 0 1 6 32 9 37 62
56 57 25 29 47 49 58 30 50 60 24 8 4 18 13 35 5 21 23 22 26 46 19 28 43 40 53 14 27 41 45 48 59 36 31 54 51 61 0 1 2 3 6 7 9 10 11 12 15 16 17 20 32 33 34 37 38 39 42 44 52 55 62
56 57 25 29 49 47 58 30 50 60 24 8 4 13 18 35 5 21 22 23 26 46 14 27 45 41 48 19 28 40 43 53 59 36 31 51 54 61 0 1 3 2 6 7 9 10 17 16 20 12 11 15 32 34 33 37 38 39 42 52 44 55 62
56 57 29 25 47 49 58 30 50 60 24 21 5 23 22 26 4 8 18 13 35 46 28 19 43 40 53 27 14 41 45 48 59 31 36 54 51 61 0 1 3 2 6 10 32 7 11 16 33 12 17 34 9 15 20 37 38 39 42 44 52 55 62
56 57 29 25 49 47 58 30 50 60 24 21 5 22 23 26 4 8 13 18 35 46 27 14 45 41 48 28 19 40 43 53 59 31 36 51 54 61 0 1 2 3 6 10 32 7 17 12 34 16 11 33 9 20 15 37 38 39 42 52 44 55 62
56 57 47 49 25 29 58 50 30 60 46 43 40 19 28 53 41 45 14 27 48 24 18 13 8 4 35 23 22 5 21 26 59 54 51 36 31 61 38 39 16 12 42 11 44 17 7 3 34 2 10 20 52 33 15 55 0 1 6 9 32 37 62
56 57 47 49 29 25 58 50 30 60 46 43 40 28 19 53 41 45 27 14 48 24 23 22 21 5 26 18 13 4 8 35 59 54 51 31 36 61 38 39 12 16 42 11 44 17 10 2 20 3 7 34 52 15 33 55 0 1 6 32 9 37 62
56 57 49 47 25 29 58 50 30 60 46 45 41 14 27 48 40 43 19 28 53 24 13 18 8 4 35 22 23 5 21 26 59 51 54 36 31 61 38 39 12 16 42 17 52 11 7 2 33 3 10 15 44 34 20 55 0 1 6 9 32 37 62
56 57 49 47 29 25 58 50 30 60 46 45 41 27 14 48 40 43 28 19 53 24 22 23 21 5 26 13 18 4 8 35 59 51 54 31 36 61 38 39 16 12 42 17 52 11 10 3 15 2 7 33 44 20 34 55 0 1 6 32 9 37 62
