1 4
2 3
3 4
4 6
5 5
6 9
7 6
8 10
9 12
10 9
11 10
12 20
13 9
14 13
15 16
16 25
17 11
18 18
19 20
20 22
21 24
22 12
23 22
24 44
25 19
26 28
27 20
28 22
29 25
30 42
31 24
32 40
33 36
34 30
35 24
36 55
37 33
38 16
39 36
40 58
41 29
42 48
43 34
44 52
45 48
46 34
47 38
48 82
49 46
50 25
51 58
52 28
53 39
54 74
55 40
56 80
57 40
58 47
59 54
60 95
61 61
62 39
63 48
64 75
65 62
66 78
67 50
68 60
69 50
70 64
71 58
72 142
73 51
74 39
75 88
76 68
77 50
78 76
79 60
80 96
81 68
82 56
83 68
84 156
85 58
86 84
87 80
88 86
89 91
90 90
91 72
92 69
93 74
94 80
95 78
96 212
97 65
98 64
99 104
100 111
101 75
102 68
103 76
104 118
105 118
106 75
107 76
108 72
109 87
110 119
111 128
112 134
113 87
114 169
115 70
116 72
117 126
118 70
119 86
120 272
121 110
122 95
123 106
124 124
125 103
126 140
127 94
128 156
129 114
130 64
131 100
132 142
133 100
134 84
135 158
136 187
137 101
138 154
139 112
140 126
141 120
142 114
143 90
144 283
145 104
146 91
147 112
148 116
149 125
150 197
151 124
152 159
153 142
154 104
155 118
156 284
157 113
158 90
159 152
160 188
161 154
162 128
163 136
164 180
165 142
166 156
167 114
168 296
169 137
170 140
171 126
172 154
173 121
174 150
175 164
176 198
177 174
178 107
179 148
180 364
181 129
182 117
183 108
184 228
185 140
186 241
187 158
188 120
189 218
190 136
191 156
192 256
193 137
194 183
195 160
196 143
197 135
198 225
199 152
200 251
201 230
202 141
203 126
204 238
205 190
206 144
207 172
208 266
209 164
210 327
211 174
212 160
213 180
214 146
215 166
216 442
217 152
218 141
219 272
220 162
221 174
222 154
223 154
224 333
225 160
226 129
227 182
228 324
229 193
230 144
231 252
232 224
233 185
234 197
235 192
236 252
237 194
238 152
239 194
240 640
241 195
242 134
243 262
244 175
245 170
246 262
247 196
248 238
249 178
250 215
251 184
252 392
253 168
254 196
255 252
256 223
257 225
258 239
259 180
260 236
261 264
262 160
263 192
264 657
265 234
266 233
267 186
268 256
269 197
270 278
271 222
272 194
273 242
274 203
275 246
276 380
277 185
278 198
279 280
280 418
281 221
282 268
283 202
284 191
285 334
286 248
287 214
288 307
289 279
290 228
291 246
292 196
293 215
294 380
295 186
296 482
297 194
298 165
299 252
300 328
301 234
302 172
303 248
304 424
305 220
306 434
307 222
308 284
309 314
310 191
311 234
312 592
313 247
314 235
315 394
316 262
317 259
318 274
319 244
320 576
321 252
322 208
323 224
324 527
325 220
326 236
327 312
328 206
329 216
330 464
331 314
332 264
333 248
334 214
335 216
336 696
337 253
338 225
339 262
340 322
341 294
342 328
343 270
344 305
345 456
346 206
347 246
348 527
349 273
350 292
351 336
352 418
353 267
354 357
355 300
356 254
357 342
358 218
359 358
360 702
361 272
362 221
363 290
364 439
365 282
366 401
367 288
368 264
369 346
370 336
371 306
372 400
373 305
374 265
375 264
376 498
377 252
378 359
379 290
380 354
381 368
382 218
383 286
384 847
385 274
386 275
387 260
388 276
389 339
390 596
391 284
392 398
393 302
394 273
395 300
396 520
397 333
398 246
399 368
400 559
401 313
402 280
403 300
404 332
405 374
406 325
407 266
408 934
409 337
410 292
411 554
412 276
413 268
414 522
415 290
416 456
417 340
418 278
419 336
420 596
421 295
422 386
423 362
424 464
425 306
426 299
427 308
428 334
429 448
430 298
431 316
432 864
433 315
434 335
435 436
436 564
437 272
438 364
439 460
440 560
441 388
442 220
443 338
444 462
445 324
446 328
447 412
448 470
449 355
450 794
451 352
452 342
453 350
454 282
455 398
456 729
457 361
458 273
459 356
460 548
461 427
462 596
463 358
464 650
465 470
466 295
467 344
468 426
469 382
470 286
471 494
472 352
473 328
474 760
475 302
476 464
477 364
478 341
479 364
480 1032
481 342
482 250
483 476
484 353
485 436
486 618
487 340
488 606
489 438
490 394
491 368
492 636
493 318
494 378
495 602
496 622
497 346
498 362
499 426
500 354
501 434
502 433
503 352
504 1142
505 344
506 358
507 384
508 313
509 415
510 624
511 398
512 438
513 568
514 331
515 348
516 746
517 360
518 284
519 382
520 790
521 401
522 348
523 418
524 506
525 598
526 354
527 466
528 866
529 418
530 411
531 434
532 411
533 354
534 572
535 402
536 622
537 398
538 338
539 484
540 976
541 465
542 304
543 376
544 652
545 362
546 760
547 374
548 391
549 452
550 364
551 502
552 1006
553 370
554 429
555 622
556 414
557 409
558 480
559 392
560 818
561 590
562 477
563 384
564 896
565 482
566 394
567 418
568 524
569 479
570 556
571 480
572 577
573 452
574 336
575 410
576 1439
577 405
578 373
579 658
580 610
581 436
582 432
583 452
584 532
585 626
586 465
587 432
588 834
589 432
590 508
591 538
592 446
593 553
594 414
595 512
596 416
597 510
598 428
599 432
600 1474
601 469
602 383
603 456
604 669
605 466
606 558
607 456
608 566
609 726
610 378
611 506
612 658
613 415
614 540
615 534
616 988
617 475
618 648
619 528
620 484
621 654
622 341
623 436
624 1024
625 483
626 479
627 490
628 510
629 456
630 800
631 566
632 608
633 444
634 403
635 516
636 884
637 502
638 374
639 828
640 550
641 457
642 862
643 456
644 645
645 754
646 420
647 464
648 922
649 552
650 474
651 554
652 420
653 559
654 677
655 486
656 1098
657 506
658 426
659 484
660 1444
661 501
662 366
663 498
664 896
665 490
666 608
667 466
668 421
669 598
670 704
671 528
672 1331
673 459
674 421
675 618
676 543
677 509
678 540
679 488
680 854
681 816
682 402
683 576
684 986
685 494
686 644
687 488
688 734
689 564
690 608
691 550
692 476
693 664
694 500
695 664
696 1201
697 514
698 425
699 648
700 790
701 497
702 566
703 512
704 798
705 808
706 393
707 554
708 816
709 595
710 470
711 796
712 882
713 450
714 1126
715 492
716 752
717 490
718 396
719 600
720 1302
721 592
722 442
723 636
724 580
725 540
726 912
727 528
728 746
729 542
730 654
731 568
732 732
733 645
734 480
735 630
736 992
737 560
738 720
739 552
740 728
741 692
742 390
743 500
744 1678
745 506
746 485
747 718
748 474
749 654
750 966
751 602
752 706
753 504
754 568
755 570
756 1039
757 567
758 540
759 716
760 1059
761 779
762 647
763 532
764 629
765 714
766 508
767 534
768 1556
769 599
770 672
771 634
772 692
773 541
774 852
775 638
776 636
777 748
778 391
779 658
780 1550
781 546
782 542
783 528
784 867
785 590
786 1064
787 584
788 596
789 916
790 552
791 662
792 1400
793 616
794 463
795 566
796 856
797 567
798 744
799 630
800 1126
801 738
802 533
803 552
804 908
805 574
806 530
807 822
808 726
809 627
810 1190
811 604
812 604
813 682
814 842
815 570
816 1394
817 576
818 503
819 850
820 644
821 711
822 630
823 578
824 1194
825 902
826 849
827 566
828 912
829 633
830 546
831 810
832 734
833 546
834 718
835 738
836 841
837 784
838 584
839 644
840 2694
841 607
842 543
843 660
844 542
845 650
846 799
847 560
848 942
849 664
850 600
851 672
852 960
853 597
854 750
855 744
856 874
857 635
858 744
859 722
860 660
861 804
862 472
863 684
864 1970
865 736
866 709
867 616
868 632
869 614
870 1382
871 624
872 616
873 898
874 648
875 660
876 1221
877 725
878 477
879 880
880 1166
881 739
882 818
883 606
884 994
885 666
886 636
887 680
888 1234
889 718
890 614
891 916
892 688
893 582
894 1237
895 650
896 927
897 700
898 681
899 634
900 1339
901 818
902 526
903 1028
904 1038
905 676
906 886
907 616
908 684
909 722
910 732
911 682
912 1907
913 642
914 567
915 1120
916 826
917 724
918 794
919 722
920 1319
921 750
922 545
923 702
924 1294
925 708
926 655
927 672
928 988
929 801
930 1054
931 778
932 646
933 816
934 577
935 674
936 2440
937 631
938 516
939 994
940 954
941 747
942 1008
943 766
944 978
945 1056
946 688
947 724
948 806
949 710
950 878
951 686
952 995
953 705
954 1400
955 654
956 848
957 936
958 530
959 710
960 1880
961 982
962 502
963 666
964 934
965 652
966 923
967 694
968 1370
969 940
970 668
971 842
972 1150
973 632
974 543
975 1326
976 834
977 651
978 1023
979 808
980 1286
981 808
982 657
983 770
984 1596
985 778
986 834
987 724
988 697
989 1004
990 1022
991 782
992 1112
993 792
994 810
995 722
996 1637
997 723
998 587
999 994
1000 1074
